
1607465819
1607468406
1607516762
1607604033
1607604633
1607606307
1607606363
1607606931
1607613561
1607613647
1607613648
1607670735
1607671085
1607671582
1607671643
1607671752
1607671794
1607672395
1607672505
1607679243
1607685156
1607685413
1607686735
1607686831
1607686951
1607687008
1607687048
1607687240
1607687404
1607687479
1607688291
1607688999
1607691965
1607692264
1607724264
1607724359
1607724441
1607724576
1607724736
1607724789
1607724849
1607724893
1607725082
1607725171
1607725354
1607725411
1607725675
1607725743
1607725890
1607725993
1607726045
1607729476
1607729515
1607730592
1607737228
1607737262
1607737280
1607737307
1607737328
1607737340
1607737360
1607739496
1607740302
1607938177
1607938432
1607938520
1607938521
1607938635
1607942074
1608033511
1608038499
1608038501
1608038985
1608042400
1608042538
1608068965
1608069214
1608070015
1608070134
1608070733
1608070991
1608071528
1608079081
1608079318
1608086781
1608086789
1608125900
1608126111
1608154437
1608154595
1608155221
1608155270
1608156443
1608158400
1608177525
1608177635
1608177822
1608177947
1608196325
1608196445
1608243717
1608245405
1608245408
1608245477
1608245480
1608245708
1608246049
1608501630
1608501694
1608501752
1608503780
1608527272
1608527397
1608527517
1608581912
1608583339
1608584125
1608586710
1608674285
1608674728
1608676940
1608677237
1608684711
1608684716
1608684720
1608684729
1608684744
1608684751
1608684987
1608696854
1608696857
1608696865
1609107622
1609107677
1609163322